3.158863633871078491e-02
3.956172466278076172e-01
3.158863633871078491e-02
7.061670422554016113e-01
3.993799164891242981e-02
3.993799164891242981e-02
3.015116788446903229e-02
3.158863633871078491e-02
9.419798851013183594e-01
3.015116788446903229e-02
3.112237341701984406e-02
7.415695190429687500e-01
3.158863633871078491e-02
9.144630432128906250e-01
3.112237341701984406e-02
1.120367571711540222e-01
9.829929471015930176e-01
3.015116788446903229e-02
9.144630432128906250e-01
8.279740810394287109e-01
4.562294855713844299e-02
6.098579168319702148e-01
3.015116788446903229e-02
8.279740810394287109e-01
3.993799164891242981e-02
3.993799164891242981e-02
9.474490880966186523e-01
3.158863633871078491e-02
3.015116788446903229e-02
3.158863633871078491e-02
9.013763666152954102e-01
3.993799164891242981e-02
9.579172730445861816e-01
9.579172730445861816e-01
3.015116788446903229e-02
3.158863633871078491e-02
9.419798851013183594e-01
3.015116788446903229e-02
3.015116788446903229e-02
6.294183135032653809e-01
3.015116788446903229e-02
4.982997477054595947e-01
3.158863633871078491e-02
3.993799164891242981e-02
9.144630432128906250e-01
6.094025969505310059e-01
3.283541202545166016e-01
3.158863633871078491e-02
6.094025969505310059e-01
9.829929471015930176e-01
9.579172730445861816e-01
8.189275860786437988e-01
3.158863633871078491e-02
3.015116788446903229e-02
7.061670422554016113e-01
3.015116788446903229e-02
9.419798851013183594e-01
9.013763666152954102e-01
7.462833523750305176e-01
9.144630432128906250e-01
3.158863633871078491e-02
3.112237341701984406e-02
3.283541202545166016e-01
9.144630432128906250e-01
3.015116788446903229e-02
3.015116788446903229e-02
1.410371810197830200e-01
3.158863633871078491e-02
9.591287374496459961e-01
3.283541202545166016e-01
6.098579168319702148e-01
3.158863633871078491e-02
9.829929471015930176e-01
1.410371810197830200e-01
9.419798851013183594e-01
3.993799164891242981e-02
9.829929471015930176e-01
1.410371810197830200e-01
3.158863633871078491e-02
9.829929471015930176e-01
3.993799164891242981e-02
3.158863633871078491e-02
9.829929471015930176e-01
3.158863633871078491e-02
9.144630432128906250e-01
9.144630432128906250e-01
9.579172730445861816e-01
8.916624635457992554e-02
9.023566842079162598e-01
7.491509914398193359e-01
3.015116788446903229e-02
3.283541202545166016e-01
3.015116788446903229e-02
9.419798851013183594e-01
3.112237341701984406e-02
9.579172730445861816e-01
3.158863633871078491e-02
3.993799164891242981e-02
3.283541202545166016e-01
3.158863633871078491e-02
9.144630432128906250e-01
3.283541202545166016e-01
8.189275860786437988e-01
9.144630432128906250e-01
9.829929471015930176e-01
3.158863633871078491e-02
1.410371810197830200e-01
3.158863633871078491e-02
3.283541202545166016e-01
3.158863633871078491e-02
3.956172466278076172e-01
9.474490880966186523e-01
3.283541202545166016e-01
3.158863633871078491e-02
3.112237341701984406e-02
6.294183135032653809e-01
9.829929471015930176e-01
7.061670422554016113e-01
4.562294855713844299e-02
9.023566842079162598e-01
4.982997477054595947e-01
3.112237341701984406e-02
3.283541202545166016e-01
3.956172466278076172e-01
3.158863633871078491e-02
3.158863633871078491e-02
3.015116788446903229e-02
1.949458718299865723e-01
3.015116788446903229e-02
6.884628534317016602e-01
3.993799164891242981e-02
9.829929471015930176e-01
9.579172730445861816e-01
9.419798851013183594e-01
6.294183135032653809e-01
9.013763666152954102e-01
3.015116788446903229e-02
5.028213262557983398e-01
9.829929471015930176e-01
9.579172730445861816e-01
9.770706892013549805e-01
9.770706892013549805e-01
9.474490880966186523e-01
3.283541202545166016e-01
3.956172466278076172e-01
3.283541202545166016e-01
3.158863633871078491e-02
3.015116788446903229e-02
3.158863633871078491e-02
9.144630432128906250e-01
3.158863633871078491e-02
3.158863633871078491e-02
3.158863633871078491e-02
3.283541202545166016e-01
3.158863633871078491e-02
9.474490880966186523e-01
9.144630432128906250e-01
3.283541202545166016e-01
9.579172730445861816e-01
1.106506511569023132e-01
9.829929471015930176e-01
9.829929471015930176e-01
3.158863633871078491e-02
3.158863633871078491e-02
3.015116788446903229e-02
6.324024796485900879e-01
9.591287374496459961e-01
3.158863633871078491e-02
3.283541202545166016e-01
3.993799164891242981e-02
3.158863633871078491e-02
3.993799164891242981e-02
3.158863633871078491e-02
3.993799164891242981e-02
9.579172730445861816e-01
9.579172730445861816e-01
9.419798851013183594e-01
3.158863633871078491e-02
3.993799164891242981e-02
1.410371810197830200e-01
9.579172730445861816e-01
3.158863633871078491e-02
9.579172730445861816e-01
9.144630432128906250e-01
3.015116788446903229e-02
9.013763666152954102e-01
3.158863633871078491e-02
9.144630432128906250e-01
6.294183135032653809e-01
9.419798851013183594e-01
3.283541202545166016e-01
3.158863633871078491e-02
3.158863633871078491e-02
3.993799164891242981e-02
3.015116788446903229e-02
4.562294855713844299e-02
9.144630432128906250e-01
3.158863633871078491e-02
9.829929471015930176e-01
3.645958602428436279e-01
1.367468088865280151e-01
3.993799164891242981e-02
3.993799164891242981e-02
3.015116788446903229e-02
3.158863633871078491e-02
3.283541202545166016e-01
3.158863633871078491e-02
8.406440019607543945e-01
3.158863633871078491e-02
9.829929471015930176e-01
9.829929471015930176e-01
4.982997477054595947e-01
1.104624867439270020e-01
3.112237341701984406e-02
9.419798851013183594e-01
4.562294855713844299e-02
9.829929471015930176e-01
3.993799164891242981e-02
3.158863633871078491e-02
3.158863633871078491e-02
9.829929471015930176e-01
6.294183135032653809e-01
3.112237341701984406e-02
3.993799164891242981e-02
3.158863633871078491e-02
9.829929471015930176e-01
3.993799164891242981e-02
9.770706892013549805e-01
3.158863633871078491e-02
1.410371810197830200e-01
3.283541202545166016e-01
3.993799164891242981e-02
3.015116788446903229e-02
3.283541202545166016e-01
3.015116788446903229e-02
6.098579168319702148e-01
9.474490880966186523e-01
9.023566842079162598e-01
9.579172730445861816e-01
9.474490880966186523e-01
3.158863633871078491e-02
9.579172730445861816e-01
7.415695190429687500e-01
3.015116788446903229e-02
9.144630432128906250e-01
4.050225317478179932e-01
6.884628534317016602e-01
8.523623943328857422e-01
9.144630432128906250e-01
9.144630432128906250e-01
9.829929471015930176e-01
9.579172730445861816e-01
3.283541202545166016e-01
1.106506511569023132e-01
9.579172730445861816e-01
3.112237341701984406e-02
3.015116788446903229e-02
3.993799164891242981e-02
1.700445264577865601e-02
3.015116788446903229e-02
3.158863633871078491e-02
3.883656114339828491e-02
9.829929471015930176e-01
9.829929471015930176e-01
6.094025969505310059e-01
3.158863633871078491e-02
9.144630432128906250e-01
3.158863633871078491e-02
9.144630432128906250e-01
8.963939547538757324e-02
3.283541202545166016e-01
3.015116788446903229e-02
9.474490880966186523e-01
3.993799164891242981e-02
3.015116788446903229e-02
3.993799164891242981e-02
7.429043650627136230e-01
9.419798851013183594e-01
2.687511742115020752e-01
3.015116788446903229e-02
3.993799164891242981e-02
9.579172730445861816e-01
1.529030948877334595e-01
3.015116788446903229e-02
3.283541202545166016e-01
3.112237341701984406e-02
3.283541202545166016e-01
3.158863633871078491e-02
1.423547863960266113e-01
3.158863633871078491e-02
3.993799164891242981e-02
3.883656114339828491e-02
3.283541202545166016e-01
9.829929471015930176e-01
4.687989652156829834e-01
7.867171764373779297e-01
9.474462866783142090e-01
8.327887058258056641e-01
9.829929471015930176e-01
6.691116690635681152e-01
5.723358988761901855e-01
3.365731611847877502e-02
7.867171764373779297e-01
8.441653847694396973e-01
9.579172730445861816e-01
3.451623618602752686e-01
9.507669210433959961e-01
4.757787883281707764e-01
8.256311416625976562e-01
9.050167202949523926e-01
7.462833523750305176e-01
3.726204037666320801e-01
8.348762989044189453e-01
3.634848594665527344e-01
8.523623943328857422e-01
2.403858304023742676e-01
5.262008309364318848e-01
8.709705471992492676e-01
9.770706892013549805e-01
8.709705471992492676e-01
9.212343692779541016e-01
9.843132495880126953e-01
8.679291605949401855e-01
9.789202213287353516e-01
9.843132495880126953e-01
9.589132666587829590e-01
5.142033845186233521e-02
8.760883212089538574e-01
9.474462866783142090e-01
8.705055713653564453e-01
6.615923047065734863e-01
3.928984701633453369e-01
5.219430848956108093e-02
3.283541202545166016e-01
3.928984701633453369e-01
9.140200018882751465e-01
6.884628534317016602e-01
9.074476957321166992e-01
6.691116690635681152e-01
6.277388334274291992e-01
8.939558267593383789e-01
9.192404747009277344e-01
9.571614861488342285e-01
9.829929471015930176e-01
9.829929471015930176e-01
9.829929471015930176e-01
9.829929471015930176e-01
9.829929471015930176e-01
9.502503871917724609e-01
9.144630432128906250e-01
9.829929471015930176e-01
8.256311416625976562e-01
9.589132666587829590e-01
9.144630432128906250e-01
3.107709884643554688e-01
9.023566842079162598e-01
9.419798851013183594e-01
8.406440019607543945e-01
9.013763666152954102e-01
9.013763666152954102e-01
9.013763666152954102e-01
9.829929471015930176e-01
9.013763666152954102e-01
9.829929471015930176e-01
9.013763666152954102e-01
6.294183135032653809e-01
9.579172730445861816e-01
3.283541202545166016e-01
9.579172730445861816e-01
9.579172730445861816e-01
8.256311416625976562e-01
9.579172730445861816e-01
3.283541202545166016e-01
9.144630432128906250e-01
9.463242292404174805e-01
3.112237341701984406e-02
6.094025969505310059e-01
9.275749921798706055e-01
9.579172730445861816e-01
3.283541202545166016e-01
7.491509914398193359e-01
7.491509914398193359e-01
9.579172730445861816e-01
8.981337547302246094e-01
9.829929471015930176e-01
9.829929471015930176e-01
9.829929471015930176e-01
9.144630432128906250e-01
9.829929471015930176e-01
9.144630432128906250e-01
9.829929471015930176e-01
9.829929471015930176e-01
9.829929471015930176e-01
9.474462866783142090e-01
9.579172730445861816e-01
9.829929471015930176e-01
5.193638801574707031e-01
9.829929471015930176e-01
7.462833523750305176e-01
9.013763666152954102e-01
8.981337547302246094e-01
9.829929471015930176e-01
9.474462866783142090e-01
9.579172730445861816e-01
9.013763666152954102e-01
9.275749921798706055e-01
9.829929471015930176e-01
9.843132495880126953e-01
9.829929471015930176e-01
9.013763666152954102e-01
9.579172730445861816e-01
9.419798851013183594e-01
9.144630432128906250e-01
9.131455421447753906e-01
9.474490880966186523e-01
8.981337547302246094e-01
9.474490880966186523e-01
3.283541202545166016e-01
8.939558267593383789e-01
9.431263208389282227e-01
7.473194599151611328e-01
5.219430848956108093e-02
9.829929471015930176e-01
6.884628534317016602e-01
5.240584015846252441e-01
5.423258543014526367e-01
3.158863633871078491e-02
9.144630432128906250e-01
7.491509914398193359e-01
6.094025969505310059e-01
9.144630432128906250e-01
3.283541202545166016e-01
9.789202213287353516e-01
9.579172730445861816e-01
8.939558267593383789e-01
3.283541202545166016e-01
7.462833523750305176e-01
9.579172730445861816e-01
9.013763666152954102e-01
3.937213495373725891e-02
7.430410385131835938e-01
9.144630432128906250e-01
9.275749921798706055e-01
7.491509914398193359e-01
9.419798851013183594e-01
6.884628534317016602e-01
9.571614861488342285e-01
6.691116690635681152e-01
9.144630432128906250e-01
6.884628534317016602e-01
6.070962548255920410e-01
9.144630432128906250e-01
9.419798851013183594e-01
6.691116690635681152e-01
9.275749921798706055e-01
7.867171764373779297e-01
9.013763666152954102e-01
9.829929471015930176e-01
9.419798851013183594e-01
3.283541202545166016e-01
9.699720144271850586e-01
9.829929471015930176e-01
9.192404747009277344e-01
3.283541202545166016e-01
6.070962548255920410e-01
3.993799164891242981e-02
9.212343692779541016e-01
2.560526318848133087e-02
8.348762989044189453e-01
7.415695190429687500e-01
9.829929471015930176e-01
9.474490880966186523e-01
9.419798851013183594e-01
7.411715984344482422e-01
3.272657096385955811e-02
9.829929471015930176e-01
3.726204037666320801e-01
8.523623943328857422e-01
9.579172730445861816e-01
9.212343692779541016e-01
7.415695190429687500e-01
8.683034181594848633e-01
8.336305022239685059e-01
8.939558267593383789e-01
9.296539425849914551e-01
6.540987491607666016e-01
5.256454646587371826e-02
9.579172730445861816e-01
1.358808875083923340e-01
9.474490880966186523e-01
6.094025969505310059e-01
9.829929471015930176e-01
7.610207200050354004e-01
7.411715984344482422e-01
9.770706892013549805e-01
6.294183135032653809e-01
8.548747301101684570e-01
9.544064998626708984e-01
9.829929471015930176e-01
9.144630432128906250e-01
9.648594856262207031e-01
9.579172730445861816e-01
9.579172730445861816e-01
3.634848594665527344e-01
9.544064998626708984e-01
6.536656618118286133e-01
9.474490880966186523e-01
3.993799164891242981e-02
8.939558267593383789e-01
9.829929471015930176e-01
3.107709884643554688e-01
9.579172730445861816e-01
5.142033845186233521e-02
7.176788449287414551e-01
8.256311416625976562e-01
8.282310366630554199e-01
9.013763666152954102e-01
9.419798851013183594e-01
4.440367817878723145e-01
7.462833523750305176e-01
7.491509914398193359e-01
9.648594856262207031e-01
7.462833523750305176e-01
9.144630432128906250e-01
3.283541202545166016e-01
3.937213495373725891e-02
9.699720144271850586e-01
6.166198477149009705e-02
6.884628534317016602e-01
9.571614861488342285e-01
9.296539425849914551e-01
9.699720144271850586e-01
9.829929471015930176e-01
9.579172730445861816e-01
9.789202213287353516e-01
9.144630432128906250e-01
6.536656618118286133e-01
9.648594856262207031e-01
9.579172730445861816e-01
3.283541202545166016e-01
6.536656618118286133e-01
7.165440320968627930e-01
7.061670422554016113e-01
9.544064998626708984e-01
3.015116788446903229e-02
3.634848594665527344e-01
9.013763666152954102e-01
5.077167749404907227e-01
7.867171764373779297e-01
1.262375712394714355e-01
9.579172730445861816e-01
3.993799164891242981e-02
7.411715984344482422e-01
6.305670142173767090e-01
6.273847818374633789e-02
9.013763666152954102e-01
8.523623943328857422e-01
7.411715984344482422e-01
7.959962487220764160e-01
9.648594856262207031e-01
3.937213495373725891e-02
3.272657096385955811e-02
9.579172730445861816e-01
9.296539425849914551e-01
9.579172730445861816e-01
9.699720144271850586e-01
9.419798851013183594e-01
9.829929471015930176e-01
8.939558267593383789e-01
9.770706892013549805e-01
8.523623943328857422e-01
9.419798851013183594e-01
7.491509914398193359e-01
9.419798851013183594e-01
9.419798851013183594e-01
9.275749921798706055e-01
9.474490880966186523e-01
9.699720144271850586e-01
9.544064998626708984e-01
9.699720144271850586e-01
9.144630432128906250e-01
7.867171764373779297e-01
9.829929471015930176e-01
6.273847818374633789e-02
9.419798851013183594e-01
6.885046362876892090e-01
9.579172730445861816e-01
6.094025969505310059e-01
9.579172730445861816e-01
9.013763666152954102e-01
3.365731611847877502e-02
3.283541202545166016e-01
8.523623943328857422e-01
9.829929471015930176e-01
7.462833523750305176e-01
7.491509914398193359e-01
9.829929471015930176e-01
3.937213495373725891e-02
9.455170035362243652e-01
9.419798851013183594e-01
9.144630432128906250e-01
7.473194599151611328e-01
9.013763666152954102e-01
8.939558267593383789e-01
3.993799164891242981e-02
2.245586365461349487e-01
9.474490880966186523e-01
9.419798851013183594e-01
9.829929471015930176e-01
9.829929471015930176e-01
8.981337547302246094e-01
1.262375712394714355e-01
9.829929471015930176e-01
3.107709884643554688e-01
8.406440019607543945e-01
9.549795389175415039e-01
7.448308169841766357e-02
6.166198477149009705e-02
7.282148003578186035e-01
2.560526318848133087e-02
2.469302862882614136e-01
5.566865801811218262e-01
9.275749921798706055e-01
9.275749921798706055e-01
9.189295172691345215e-01
7.491509914398193359e-01
3.283541202545166016e-01
3.993799164891242981e-02
8.766586184501647949e-01
1.410371810197830200e-01
6.418305039405822754e-01
9.699720144271850586e-01
9.648594856262207031e-01
6.305670142173767090e-01
2.718351483345031738e-01
9.770706892013549805e-01
4.507144093513488770e-01
9.275749921798706055e-01
3.726204037666320801e-01
3.015116788446903229e-02
2.561587654054164886e-02
8.981337547302246094e-01
1.700445264577865601e-02
9.212343692779541016e-01
3.112237341701984406e-02
4.697895348072052002e-01
6.533094048500061035e-01
3.112237341701984406e-02
9.648594856262207031e-01
9.474462866783142090e-01
3.283541202545166016e-01
8.709705471992492676e-01
1.367468088865280151e-01
3.993799164891242981e-02
3.283541202545166016e-01
3.283541202545166016e-01
1.410371810197830200e-01
5.346974357962608337e-02
3.158863633871078491e-02
7.429043650627136230e-01
3.993799164891242981e-02
1.972178220748901367e-01
3.283541202545166016e-01
8.406440019607543945e-01
6.294183135032653809e-01
9.699720144271850586e-01
3.158863633871078491e-02
2.217064052820205688e-02
3.015116788446903229e-02
1.080023050308227539e-01
3.015116788446903229e-02
9.591287374496459961e-01
3.112237341701984406e-02
8.981337547302246094e-01
7.963067889213562012e-01
3.937213495373725891e-02
6.730114817619323730e-01
3.993799164891242981e-02
2.732943557202816010e-02
4.190996587276458740e-01
7.779391407966613770e-01
3.283541202545166016e-01
3.015116788446903229e-02
1.117359027266502380e-01
3.993799164891242981e-02
9.591287374496459961e-01
1.437599211931228638e-01
3.158863633871078491e-02
3.946320712566375732e-01
7.084703445434570312e-02
9.829929471015930176e-01
9.474490880966186523e-01
3.112237341701984406e-02
4.982997477054595947e-01
1.632372140884399414e-01
9.579172730445861816e-01
9.502503871917724609e-01
8.760883212089538574e-01
7.429043650627136230e-01
9.419798851013183594e-01
4.687989652156829834e-01
3.158863633871078491e-02
6.114262342453002930e-01
3.015116788446903229e-02
9.770706892013549805e-01
3.158863633871078491e-02
1.410371810197830200e-01
9.579172730445861816e-01
9.829929471015930176e-01
7.462833523750305176e-01
9.144630432128906250e-01
5.723358988761901855e-01
3.726204037666320801e-01
2.561587654054164886e-02
3.883656114339828491e-02
1.080023050308227539e-01
9.144630432128906250e-01
1.410371810197830200e-01
9.144630432128906250e-01
9.571614861488342285e-01
7.491509914398193359e-01
6.536656618118286133e-01
9.514448046684265137e-01
3.283541202545166016e-01
4.209830760955810547e-01
9.189295172691345215e-01
3.158863633871078491e-02
1.410371810197830200e-01
3.112237341701984406e-02
3.158863633871078491e-02
4.209830760955810547e-01
8.760883212089538574e-01
9.363503456115722656e-01
3.088458478450775146e-01
9.203519821166992188e-01
7.429043650627136230e-01
9.591287374496459961e-01
9.275749921798706055e-01
2.217064052820205688e-02
3.494389355182647705e-01
3.112237341701984406e-02
9.699720144271850586e-01
1.856836676597595215e-01
1.632372140884399414e-01
8.327887058258056641e-01
8.651929497718811035e-01
3.726204037666320801e-01
3.283541202545166016e-01
8.605659008026123047e-01
1.582962721586227417e-01
8.238248527050018311e-02
3.112237341701984406e-02
9.275749921798706055e-01
2.082296833395957947e-02
3.283541202545166016e-01
9.579172730445861816e-01
3.283541202545166016e-01
5.566865801811218262e-01
2.718351483345031738e-01
3.158863633871078491e-02
9.579172730445861816e-01
3.283541202545166016e-01
9.579172730445861816e-01
7.380197644233703613e-01
3.112237341701984406e-02
3.993799164891242981e-02
7.448308169841766357e-02
3.112237341701984406e-02
8.189275860786437988e-01
1.700445264577865601e-02
3.015116788446903229e-02
9.648594856262207031e-01
3.158863633871078491e-02
6.305670142173767090e-01
6.294183135032653809e-01
7.464283108711242676e-01
7.150398492813110352e-01
3.158863633871078491e-02
9.474490880966186523e-01
3.283541202545166016e-01
1.410371810197830200e-01
1.410371810197830200e-01
4.455849826335906982e-01
2.510780096054077148e-01
7.336905002593994141e-01
4.945634901523590088e-01
7.429043650627136230e-01
9.474462866783142090e-01
1.045043617486953735e-01
1.367468088865280151e-01
8.651929497718811035e-01
9.591287374496459961e-01
8.167544603347778320e-01
7.282148003578186035e-01
3.993799164891242981e-02
5.701100826263427734e-01
8.651929497718811035e-01
3.283541202545166016e-01
1.269527673721313477e-01
3.993799164891242981e-02
1.924213171005249023e-01
9.579172730445861816e-01
3.726204037666320801e-01
6.730114817619323730e-01
9.212343692779541016e-01
7.402991652488708496e-01
9.789202213287353516e-01
3.158863633871078491e-02
3.283541202545166016e-01
3.993799164891242981e-02
1.368194371461868286e-01
6.294183135032653809e-01
7.448308169841766357e-02
3.508679568767547607e-02
3.283541202545166016e-01
1.104624867439270020e-01
3.283541202545166016e-01
9.770706892013549805e-01
8.348762989044189453e-01
9.474462866783142090e-01
6.186453700065612793e-01
3.112237341701984406e-02
5.566865801811218262e-01
7.411715984344482422e-01
7.165440320968627930e-01
4.945634901523590088e-01
7.429043650627136230e-01
1.856836676597595215e-01
9.579172730445861816e-01
3.158863633871078491e-02
4.484707489609718323e-02
3.112237341701984406e-02
3.993799164891242981e-02
4.697895348072052002e-01
3.158863633871078491e-02
9.770706892013549805e-01
9.770706892013549805e-01
1.582962721586227417e-01
8.709705471992492676e-01
3.506249785423278809e-01
8.406440019607543945e-01
4.137907326221466064e-01
8.969960212707519531e-01
5.234535038471221924e-02
9.023566842079162598e-01
6.294183135032653809e-01
9.275749921798706055e-01
3.283541202545166016e-01
3.283541202545166016e-01
7.411715984344482422e-01
9.363503456115722656e-01
1.410371810197830200e-01
9.770706892013549805e-01
3.993799164891242981e-02
3.365731611847877502e-02
6.884628534317016602e-01
3.993799164891242981e-02
7.775555551052093506e-02
9.363503456115722656e-01
3.955985233187675476e-02
8.327887058258056641e-01
8.256311416625976562e-01
2.217064052820205688e-02
8.282310366630554199e-01
9.770706892013549805e-01
9.571614861488342285e-01
3.158863633871078491e-02
3.283541202545166016e-01
7.542844861745834351e-02
1.582962721586227417e-01
1.544655952602624893e-02
6.094025969505310059e-01
9.275749921798706055e-01
3.993799164891242981e-02
7.867171764373779297e-01
3.112237341701984406e-02
9.549795389175415039e-01
7.404230833053588867e-01
7.418064773082733154e-02
4.445092678070068359e-01
7.542844861745834351e-02
3.158863633871078491e-02
1.368194371461868286e-01
5.723358988761901855e-01
9.419798851013183594e-01
3.112237341701984406e-02
3.993799164891242981e-02
9.507669210433959961e-01
9.144630432128906250e-01
4.687989652156829834e-01
5.227463841438293457e-01
4.982997477054595947e-01
4.982997477054595947e-01
3.158863633871078491e-02
1.269527673721313477e-01
9.474490880966186523e-01
3.993799164891242981e-02
8.189275860786437988e-01
3.158863633871078491e-02
3.283541202545166016e-01
9.648594856262207031e-01
9.514448046684265137e-01
4.631014168262481689e-01
3.158863633871078491e-02
2.533426284790039062e-01
7.356925606727600098e-01
3.883656114339828491e-02
9.789202213287353516e-01
9.074476957321166992e-01
8.981337547302246094e-01
3.158863633871078491e-02
9.144630432128906250e-01
2.510780096054077148e-01
6.186453700065612793e-01
9.591287374496459961e-01
9.275749921798706055e-01
4.209830760955810547e-01
3.993799164891242981e-02
